O 500  Jones George
O 1001 Cash Johnny
O 0  Negate George
O -1001 Debt Johnny
A 500
A 1001
A 0
A -1001
F 500 0
D 500 0 5000
D 500 1 2000
T 500 0 500 1 7000
A 500
F 500 0
F 500 1
T 500 0 500 2 7000
A 500
F 500 0
F 500 1
T 500 0 500 2 -7000
D 500 0 -2000
W 500 0 -1000
A 500
F 500 0
D 0 5 500
D 0 6 500
D 0 7 500
A 0
T 0 4 0 0 600
T 0 5 0 1 600
T 0 6 0 2 600
T 0 7 0 3 600
A 0
T 0 4 1001 0 600
T 0 5 1001 1 600
T 0 6 1001 2 600
T 0 7 1001 3 600
A 0
A 1001
F 500 5
D 500 -1 500
D 500 8 500
W 500 -1 500
W 500 8 500
T 500 0 500 -1 500
T 500 0 500 8 500
T 500 -1 500 0 500
T 500 8 500 1 500
D 1001 0 500
T 1001 0 1001 1 500
T 1001 1 1001 2 500
T 1001 2 1001 3 500
T 1001 3 1001 4 500
T 1001 4 1001 5 500
T 1001 5 1001 6 500
T 1001 6 1001 7 500
A 1001
O 2 poor bloke
D 2 0 250
D 2 1 250
D 2 2 250
D 2 3 250
D 2 4 250
D 2 5 250
D 2 6 250
D 2 7 250
A 2
W 2 0 250
W 2 1 250
W 2 2 250
W 2 3 250
W 2 4 250
W 2 5 250
W 2 6 250
W 2 7 250
A 2
F 2 0